1 121 296
1 121 295
1 121 297
1 120 295
1 121 298
1 120 294
1 122 298
2 120 335
2 120 334
2 120 336
2 120 333
3 120 338
3 120 339
3 121 338
4 121 454
4 121 453
4 121 455
4 120 455
4 120 456
4 120 457
5 120 511
5 120 510
5 120 512
5 120 509
5 120 513
5 121 509
5 121 510
5 120 508
5 122 509
5 122 510
5 120 507
5 123 509
5 123 510
5 123 511
5 120 506
5 123 508
5 124 508
5 124 509
5 124 510
5 124 511
5 120 505
5 124 507
5 125 507
5 125 508
5 120 504
5 124 506
5 125 506
5 126 506
5 126 507
5 120 503
5 124 505
5 125 505
5 126 505
5 120 502
5 125 504
5 126 504
5 127 504
5 127 505
5 125 503
5 126 503
5 128 504
5 128 505
5 128 503
5 129 503
5 129 504
5 129 505
5 129 506
5 129 507
5 128 502
5 129 502
5 130 502
5 130 503
5 130 504
5 130 505
5 130 506
5 130 507
5 129 501
5 130 501
5 131 501
5 131 502
5 131 503
5 131 504
5 131 505
5 131 506
5 131 507
5 130 500
5 131 500
5 132 500
5 132 501
5 132 502
5 132 503
5 132 504
5 132 505
5 132 506
5 132 507
5 130 499
5 131 499
5 132 499
5 133 501
5 133 502
5 133 503
5 133 504
5 133 505
5 133 506
5 131 498
5 132 498
5 134 502
5 134 503
5 134 504
5 134 505
5 131 497
5 132 497
5 132 496
6 123 418
6 123 417
6 123 419
6 123 420
7 121 420
7 121 419
7 121 421
7 121 418
7 121 422
7 121 423
7 121 424
7 121 425
7 122 424
7 122 425
7 121 426
7 123 424
7 123 423
7 124 423
7 124 422
7 125 422
7 125 423
7 125 421
7 126 423
7 125 420
7 127 423
7 127 424
7 125 419
7 128 423
7 128 424
7 125 418
7 126 418
7 128 422
7 129 422
7 129 423
7 129 424
7 129 425
7 129 426
7 126 417
7 129 421
7 129 427
7 130 421
7 130 422
7 130 423
7 130 424
7 130 425
7 130 426
7 126 416
7 127 416
7 128 416
7 128 417
7 129 416
7 129 420
7 130 420
7 131 420
7 131 421
7 131 422
7 131 423
7 131 424
7 131 425
7 131 426
7 131 427
7 126 415
7 127 415
7 128 415
7 129 415
7 130 419
7 131 419
7 131 428
7 132 419
7 132 420
7 132 421
7 132 428
7 127 414
7 128 414
7 129 414
7 131 418
7 131 429
7 132 418
7 132 429
7 133 418
7 133 419
7 133 420
7 127 413
7 128 413
7 129 413
7 131 417
7 131 430
7 132 417
7 132 430
7 133 417
7 134 418
7 134 419
7 127 412
7 128 412
7 131 431
7 132 416
7 135 418
7 127 411
7 130 431
7 130 432
7 131 432
7 132 415
7 135 417
7 127 410
7 130 433
7 131 415
7 131 433
7 132 414
7 136 417
7 126 410
7 127 409
7 129 433
7 129 434
7 131 414
7 131 434
7 132 434
7 133 434
7 134 434
7 135 434
7 137 417
7 128 433
7 128 434
7 128 435
7 131 413
7 131 435
7 132 435
7 133 435
7 134 433
7 134 435
7 135 433
7 135 435
7 137 416
7 138 416
7 138 417
7 127 435
7 127 436
7 131 412
7 134 436
7 135 432
7 135 436
7 136 432
7 138 415
7 139 417
7 139 418
7 139 419
7 130 412
7 134 437
7 140 418
7 140 419
7 130 411
7 134 438
7 141 419
7 141 420
7 134 439
7 135 439
7 136 439
7 142 419
7 142 420
7 142 421
7 142 422
7 142 423
7 142 424
7 134 440
7 135 440
7 136 440
7 137 440
7 138 440
7 139 440
7 140 440
7 142 418
7 143 418
7 143 419
7 143 420
7 143 421
7 136 441
7 137 441
7 138 439
7 138 441
7 139 439
7 139 441
7 140 439
7 140 441
7 143 417
7 144 417
7 144 418
7 144 419
7 136 442
7 137 442
7 139 438
7 139 442
7 140 438
7 144 416
7 145 416
7 145 417
7 145 418
7 145 419
7 136 443
7 140 437
7 145 415
7 136 444
7 146 415
7 136 445
7 146 414
7 135 445
7 134 445
7 134 446
7 135 446
7 134 447
7 134 448
7 133 448
7 133 449
7 134 449
7 133 450
7 134 450
7 132 450
7 132 451
7 133 451
7 134 451
7 131 450
7 131 451
7 131 452
7 132 452
7 133 452
7 134 452
7 130 451
7 130 452
7 130 453
7 131 449
7 132 453
7 133 453
7 134 453
7 130 454
7 132 454
7 133 454
7 134 454
7 135 454
7 133 455
7 134 455
7 135 455
7 133 456
7 134 456
7 135 456
7 133 457
7 134 457
7 135 457
7 133 458
7 134 458
7 135 458
7 136 458
7 132 458
7 132 459
7 133 459
7 134 459
7 135 459
7 136 459
7 137 459
7 138 459
7 139 459
7 132 460
7 133 460
7 134 460
7 135 460
7 136 460
7 137 460
7 138 458
7 138 460
7 139 458
7 139 460
7 131 460
7 131 461
7 132 461
7 133 461
7 134 461
7 135 461
7 136 461
7 137 461
7 138 461
7 139 457
7 139 461
7 130 461
7 130 462
7 131 462
7 132 462
7 134 462
7 135 462
7 136 462
7 137 462
7 138 462
7 139 456
7 140 456
7 129 461
7 129 462
7 131 463
7 134 463
7 135 463
7 136 463
7 137 463
7 138 463
7 140 455
7 141 455
7 142 455
7 142 456
7 142 457
7 142 458
7 142 459
7 142 460
7 142 461
7 128 461
7 128 462
7 128 463
7 128 464
7 134 464
7 135 464
7 136 464
7 137 464
7 127 461
7 127 462
7 127 463
7 127 464
7 127 465
7 128 460
7 134 465
7 136 465
7 137 465
7 126 463
7 126 464
7 126 465
7 126 466
7 127 466
7 128 459
7 136 466
7 137 466
7 125 464
7 125 465
7 125 466
7 125 467
7 126 467
7 128 458
7 129 458
7 136 467
7 137 467
7 124 465
7 124 466
7 124 467
7 124 468
7 125 468
7 128 457
7 129 457
7 136 468
7 137 468
7 123 466
7 123 467
7 123 468
7 123 469
7 124 469
7 129 456
7 135 468
7 135 469
7 136 469
7 137 469
7 129 455
7 135 470
7 136 470
7 135 471
7 136 471
7 134 471
7 134 472
7 135 472
8 122 439
8 121 439
8 121 440
8 122 438
8 122 440
8 121 438
8 121 441
8 122 437
8 122 441
8 121 437
8 121 442
8 122 436
8 122 442
8 121 436
8 122 435
8 122 434
9 125 347
9 125 346
10 124 344
10 125 344
11 123 342
11 122 342
11 123 341
11 124 342
11 122 341
11 123 340
11 125 342
11 122 340
12 124 415
12 123 415
12 124 414
13 124 272
13 123 272
13 124 271
13 124 273
13 125 271
13 125 272
13 125 273
13 123 271
13 124 270
13 124 274
13 125 274
13 123 270
13 125 275
13 123 269
14 125 286
14 124 286
14 124 287
14 125 285
14 125 287
14 126 285
14 126 286
14 126 287
14 124 285
14 125 288
14 126 288
14 127 285
14 127 286
14 127 287
14 127 288
14 123 285
14 127 284
14 127 289
14 128 285
14 128 286
14 128 287
14 128 288
14 128 289
14 123 284
14 127 283
14 128 290
14 129 286
14 129 287
14 129 288
14 129 289
14 129 290
14 127 282
14 128 291
14 129 291
14 130 286
14 130 287
14 130 288
14 130 289
14 130 290
14 130 291
14 126 282
14 127 281
14 129 292
14 130 292
14 131 286
14 131 287
14 131 290
14 131 291
14 131 292
14 126 281
14 127 280
14 129 293
14 130 293
14 131 285
14 132 285
14 132 286
14 132 291
14 132 292
14 132 293
14 126 280
14 127 279
14 131 284
14 132 284
14 132 294
14 133 284
14 133 285
14 133 286
14 133 291
14 133 292
14 133 293
14 133 294
14 126 279
14 127 278
14 128 278
14 129 278
14 131 283
14 132 283
14 133 283
14 133 295
14 134 284
14 134 285
14 134 292
14 134 293
14 134 294
14 134 295
14 126 278
14 127 277
14 128 277
14 129 277
14 130 277
14 131 277
14 131 278
14 132 278
14 132 279
14 134 296
14 135 285
14 135 294
14 135 295
14 135 296
14 126 277
14 129 276
14 130 276
14 135 297
14 136 285
14 136 286
14 136 296
14 136 297
14 129 275
14 135 298
14 136 298
14 137 285
14 137 286
14 137 287
14 137 297
14 129 274
14 134 298
14 134 299
14 135 299
14 137 284
14 138 284
14 138 285
14 138 286
14 138 297
14 138 298
14 129 273
14 133 299
14 133 300
14 134 300
14 135 300
14 137 283
14 138 283
14 138 296
14 139 284
14 139 285
14 139 286
14 139 296
14 139 297
14 139 298
14 128 273
14 129 272
14 132 299
14 134 301
14 135 301
14 137 282
14 138 282
14 140 286
14 140 296
14 140 297
14 140 298
14 140 299
14 140 300
14 128 272
14 129 271
14 131 299
14 131 300
14 131 301
14 131 302
14 132 298
14 135 302
14 136 302
14 137 281
14 138 281
14 141 297
14 141 298
14 141 299
14 128 271
14 129 270
14 130 270
14 130 301
14 130 302
14 130 303
14 131 298
14 131 303
14 135 303
14 136 303
14 137 280
14 138 280
14 142 297
14 142 298
14 129 269
14 129 301
14 129 302
14 129 303
14 129 304
14 130 269
14 130 304
14 131 304
14 132 304
14 133 304
14 134 303
14 134 304
14 135 304
14 136 280
14 136 304
14 137 279
14 138 279
14 143 298
14 143 299
14 143 300
14 143 301
14 143 302
14 143 303
14 143 304
14 129 305
14 130 305
14 131 305
14 132 305
14 133 305
14 134 305
14 136 279
14 137 278
14 138 278
14 139 278
14 140 278
14 140 279
14 142 301
14 142 302
14 142 303
14 143 305
14 128 305
14 128 306
14 129 306
14 130 306
14 131 306
14 133 306
14 134 306
14 135 279
14 135 306
14 136 278
14 137 277
14 138 277
14 139 277
14 143 306
14 144 305
14 144 306
14 127 305
14 128 307
14 129 307
14 130 307
14 134 307
14 135 278
14 135 307
14 136 277
14 137 276
14 138 276
14 139 276
14 143 307
14 144 307
14 145 306
14 145 307
14 127 304
14 134 278
14 134 308
14 135 277
14 135 308
14 136 276
14 143 308
14 144 308
14 145 308
14 134 277
14 135 276
14 135 309
14 136 309
14 145 309
14 146 308
14 146 309
14 134 276
14 135 275
14 136 310
14 137 310
14 145 310
14 146 310
14 134 275
14 137 311
14 145 311
14 146 311
14 133 275
14 134 274
14 137 312
14 133 274
14 134 273
14 136 312
14 136 313
14 137 313
14 133 273
14 134 272
14 137 314
14 132 273
14 133 272
14 137 315
14 132 272
14 137 316
14 131 272
14 131 271
15 127 301
15 127 300
15 126 300
16 124 300
16 123 300
16 124 299
16 124 301
17 123 346
17 123 347
18 125 178
18 125 177
18 125 179
18 126 177
18 126 178
18 126 179
18 124 177
18 125 176
18 126 180
18 127 179
18 127 180
18 127 181
19 125 265
19 124 265
19 124 266
19 125 264
19 125 266
19 124 264
19 125 263
19 124 263
19 124 262
20 125 349
21 125 412
21 124 412
22 126 167
22 126 168
22 125 168
23 126 298
23 127 298
24 125 556
24 125 555
24 126 555
24 126 556
25 126 477
25 125 477
25 125 478
25 126 476
25 126 478
25 127 476
25 127 477
25 127 478
25 125 476
25 126 475
25 126 479
25 127 475
25 127 479
25 128 475
25 128 476
25 128 477
25 126 474
25 126 480
25 127 474
25 128 474
25 126 473
25 127 473
25 127 472
25 127 471
25 127 470
26 126 558
26 125 558
27 128 261
27 127 261
27 127 262
27 128 260
27 128 262
27 129 261
27 129 262
27 127 260
27 128 259
27 128 263
27 129 263
27 130 261
27 130 262
27 130 263
27 127 259
27 130 264
27 131 261
27 127 258
27 131 260
27 131 259
27 131 258
27 131 257
27 132 257
27 132 258
27 133 257
27 133 258
27 133 259
27 134 258
27 134 259
27 134 260
27 134 261
27 134 262
27 135 259
27 135 260
27 135 262
27 135 263
27 135 264
27 135 265
27 136 259
27 136 260
27 136 261
27 136 262
27 136 263
27 136 264
27 136 265
27 135 266
27 137 259
27 137 260
27 137 261
27 137 262
27 137 263
27 137 264
27 137 265
27 137 258
27 138 258
27 138 259
27 138 260
27 138 261
27 138 262
27 138 263
27 138 264
27 138 265
27 137 257
27 138 257
27 139 257
27 139 258
27 139 259
27 139 260
27 139 261
27 139 262
27 139 263
27 139 264
27 139 265
27 139 266
27 137 256
27 138 256
27 139 256
27 140 256
27 140 257
27 140 258
27 140 259
27 140 260
27 140 261
27 140 262
27 140 263
27 140 264
27 140 265
27 140 266
27 136 256
27 137 255
27 138 255
27 139 255
27 140 255
27 140 267
27 141 255
27 141 256
27 141 257
27 141 258
27 141 259
27 141 260
27 141 261
27 141 262
27 141 263
27 141 264
27 141 265
27 141 266
27 136 255
27 137 254
27 138 254
27 139 254
27 140 254
27 141 254
27 135 255
27 137 253
27 138 253
27 140 253
27 141 253
27 135 254
27 137 252
27 140 252
27 141 252
27 135 253
27 136 252
27 140 251
27 134 253
27 135 252
27 136 251
27 140 250
27 134 252
27 135 251
27 140 249
27 134 251
27 135 250
27 140 248
27 134 250
27 140 247
28 128 296
28 127 296
28 128 295
28 129 295
28 129 296
28 126 296
28 127 295
28 129 297
28 129 298
28 129 299
29 127 346
29 127 345
29 127 347
29 128 346
29 128 347
29 127 348
30 127 420
31 128 492
31 128 491
31 128 493
31 129 491
31 129 492
31 127 493
31 129 490
31 127 494
31 127 495
32 130 360
32 130 361
33 130 358
33 129 358
34 128 360
34 128 361
35 130 363
36 129 397
36 129 396
36 129 398
37 128 431
37 128 430
38 129 172
38 128 172
38 128 173
38 129 171
38 129 173
38 130 172
38 130 173
38 128 171
38 129 174
38 130 174
38 131 173
38 128 170
38 128 169
38 128 168
38 128 167
38 129 167
38 130 167
38 131 167
38 131 168
38 131 166
38 132 166
38 132 167
38 132 168
38 132 169
38 131 165
38 132 165
38 133 165
38 133 166
38 133 167
38 133 168
38 133 169
38 133 170
38 131 164
38 132 164
38 133 164
38 134 165
38 134 166
38 134 167
38 134 168
38 134 169
38 134 170
38 134 171
38 134 172
38 131 163
38 132 163
38 133 163
38 135 168
38 135 169
38 135 170
38 135 171
38 135 172
38 132 162
38 133 162
38 136 170
38 136 171
38 136 172
39 129 282
39 129 281
39 129 283
40 129 356
40 130 356
41 130 365
41 131 365
42 129 442
42 129 441
42 129 443
42 130 441
42 130 442
42 130 443
42 129 444
43 132 465
43 132 466
44 131 468
44 130 468
44 130 469
45 129 471
46 131 350
46 130 350
46 131 349
46 131 351
46 132 350
46 132 351
46 130 349
47 130 394
47 129 394
47 130 393
47 131 393
47 131 394
47 130 392
48 130 466
49 132 264
49 132 263
49 132 265
49 133 264
49 133 265
49 133 266
49 133 267
50 131 281
50 132 281
50 133 281
50 134 281
51 131 456
52 135 270
52 135 269
52 136 269
52 136 270
52 136 271
52 137 269
52 137 270
52 136 272
52 137 268
52 138 268
52 138 269
52 138 270
52 136 273
52 137 273
52 139 269
52 139 270
53 132 361
53 132 360
53 132 362
53 132 363
54 132 525
54 132 524
54 132 526
54 133 524
54 133 525
54 133 526
54 133 523
55 133 269
56 136 367
56 136 366
56 136 368
56 136 369
56 137 368
57 136 421
57 135 421
57 135 422
57 136 420
57 136 422
58 134 424
58 133 424
58 135 424
59 133 426
59 134 426
59 134 427
59 135 426
59 135 427
59 134 428
59 135 428
59 136 426
59 136 427
59 136 428
59 134 429
59 136 429
59 137 426
59 137 427
59 137 428
59 134 430
59 135 430
59 136 430
59 137 425
59 137 424
59 138 424
59 138 425
59 139 424
59 139 423
59 139 422
59 138 422
59 139 421
59 140 422
59 138 421
60 135 364
60 134 364
60 136 364
60 134 365
60 133 365
60 134 366
61 136 371
61 135 371
61 136 372
61 137 371
61 138 371
61 138 372
61 138 370
61 138 373
62 136 184
62 135 184
62 136 183
62 136 185
62 137 184
62 137 185
62 135 183
62 136 182
62 136 186
62 137 186
62 138 185
62 138 186
62 135 182
62 136 181
62 137 187
62 138 187
62 139 186
62 139 187
62 135 181
62 136 180
62 138 188
62 139 188
62 135 180
62 136 179
62 138 189
62 139 189
62 140 188
62 140 189
62 134 180
62 135 179
62 134 179
62 135 178
62 134 178
62 135 177
62 134 177
63 141 449
63 141 448
63 141 450
63 142 448
63 142 449
63 142 450
63 140 450
63 143 448
63 143 449
63 143 450
63 143 451
63 144 450
64 139 452
64 138 452
64 138 451
64 138 453
65 136 452
65 136 451
65 136 450
65 136 449
65 136 448
65 137 448
65 137 449
65 137 447
65 138 447
65 138 448
65 138 449
65 138 446
65 139 446
65 139 447
65 139 448
65 138 445
65 139 445
65 140 445
65 140 446
65 138 444
65 139 444
65 140 444
66 138 303
66 138 302
66 138 304
67 138 359
67 138 358
67 138 360
67 139 360
67 139 361
68 138 356
68 137 356
68 137 355
69 140 431
69 140 430
69 140 432
69 141 430
69 141 431
69 139 432
69 139 433
70 138 435
70 137 435
70 137 436
70 138 436
70 139 435
70 137 434
71 137 455
71 137 456
72 139 160
72 138 160
72 138 161
72 139 159
72 139 161
72 140 159
72 140 160
72 140 161
72 138 159
72 138 162
72 139 158
72 139 162
72 140 158
72 140 162
72 141 158
72 141 159
72 138 158
72 139 157
72 139 163
72 140 157
72 140 163
72 141 157
72 141 163
72 142 157
72 142 158
72 142 159
72 138 157
72 139 164
72 140 156
72 140 164
72 141 156
72 141 164
72 142 156
72 143 157
72 143 158
72 143 159
72 139 165
72 140 155
72 140 165
72 141 155
72 141 165
72 144 159
72 144 160
72 140 166
72 141 166
72 141 167
72 142 167
72 143 167
72 142 168
72 143 168
72 144 168
72 143 169
72 144 169
72 144 170
73 137 300
73 138 300
74 140 304
74 140 303
74 140 305
74 140 302
74 140 306
74 141 305
74 141 306
74 139 306
74 140 307
74 141 307
74 140 308
75 139 363
75 138 363
75 138 364
75 139 364
76 141 375
76 141 374
76 141 376
77 138 391
77 137 391
77 137 392
77 138 390
77 138 392
77 137 390
77 137 393
77 138 389
77 138 393
78 138 430
79 140 245
79 140 244
79 141 245
80 141 271
80 141 270
80 141 272
80 142 270
80 142 271
80 142 272
80 140 272
80 140 273
80 141 269
80 141 273
80 142 269
80 142 273
80 139 272
80 141 274
80 141 275
80 141 276
81 141 372
82 140 370
82 140 369
82 141 370
82 142 370
83 139 375
83 139 376
83 139 377
84 144 429
84 144 428
84 144 430
84 145 428
84 145 429
84 145 430
84 144 427
84 144 431
84 145 427
84 143 431
84 145 426
84 143 432
84 145 425
84 145 424
84 146 424
84 146 423
84 146 422
84 147 422
84 147 423
84 147 421
84 148 423
84 147 420
84 149 423
84 149 422
85 142 428
85 141 428
85 142 427
86 143 465
86 142 465
86 142 466
86 143 464
86 143 466
86 142 467
86 143 463
86 144 463
86 144 464
86 144 462
86 144 461
86 145 461
86 145 462
86 144 460
86 145 460
86 146 460
86 146 461
86 146 462
86 144 459
86 145 459
86 146 459
86 147 459
86 147 460
86 147 461
86 144 458
86 145 458
86 146 458
86 147 458
86 148 458
86 148 459
86 148 460
86 148 461
86 145 457
86 147 457
86 148 457
86 149 457
86 149 458
86 149 459
86 149 460
86 149 461
86 149 462
86 149 463
86 147 456
86 148 456
86 149 456
86 150 458
86 150 459
86 150 460
86 150 461
86 150 462
86 150 463
86 148 455
86 149 455
86 151 460
86 151 461
86 151 462
86 151 463
86 151 464
86 151 465
86 148 454
86 149 454
86 152 461
86 152 462
86 152 463
86 152 464
86 148 453
86 149 453
86 153 461
86 153 462
86 148 452
86 149 452
86 153 460
86 154 461
86 153 459
86 155 461
86 153 458
86 156 461
86 156 462
86 157 461
86 157 460
87 142 469
87 141 469
87 142 470
87 143 469
88 141 310
89 140 367
89 139 367
89 140 366
89 141 367
89 139 366
89 142 367
89 138 366
89 142 366
89 142 368
89 143 366
89 143 367
89 143 368
89 142 365
89 143 365
89 144 366
89 144 367
89 144 368
89 143 364
89 144 369
89 145 366
89 145 367
89 145 368
89 145 369
89 143 363
89 144 370
89 145 365
89 145 370
89 144 371
89 145 364
89 145 371
89 144 372
89 145 363
89 143 372
89 145 362
89 143 373
89 145 361
89 143 374
89 145 360
89 143 375
89 145 359
89 143 376
89 145 358
89 143 377
89 145 357
89 143 378
89 143 379
89 143 380
89 143 381
89 143 382
89 143 383
89 143 384
89 143 385
89 143 386
89 143 387
89 144 387
89 143 388
89 144 388
89 142 388
89 142 389
89 144 389
89 141 388
89 142 390
89 144 390
89 140 388
89 141 387
89 144 391
89 140 387
89 144 392
89 140 386
89 144 393
89 140 385
89 144 394
89 140 384
89 143 394
89 143 395
89 144 395
89 140 383
89 142 395
89 142 396
89 143 396
89 144 396
89 145 396
89 140 382
89 141 395
89 141 396
89 141 397
89 142 397
89 143 397
89 144 397
89 140 395
89 140 396
89 140 397
89 140 398
89 141 394
89 141 398
89 142 398
89 143 398
89 144 398
89 141 393
89 141 399
89 142 399
89 143 399
89 144 399
89 141 392
89 143 400
89 144 400
89 143 401
89 144 401
89 143 402
89 144 402
89 143 403
89 144 403
89 143 404
90 141 378
90 141 379
91 140 426
92 140 467
92 140 466
93 140 471
93 139 471
93 139 472
93 140 472
93 141 472
93 142 472
93 143 472
94 143 281
94 143 280
94 143 282
95 141 288
95 140 288
95 141 289
95 142 288
95 142 289
95 142 287
95 143 287
95 143 288
95 143 289
95 142 286
95 143 286
95 143 290
95 144 287
95 144 288
95 144 289
95 144 290
95 142 285
95 143 291
95 144 291
95 145 287
95 145 288
95 145 289
95 145 290
95 145 291
95 142 284
95 143 292
95 144 292
95 145 286
95 145 292
95 146 286
95 146 287
95 146 288
95 146 289
95 146 290
95 146 291
95 143 293
95 144 293
95 145 293
95 146 285
95 147 285
95 147 286
95 147 287
95 147 288
95 147 289
95 147 290
95 143 294
95 144 294
95 145 294
95 146 284
95 147 284
95 148 288
95 148 289
95 148 290
95 148 291
95 143 295
95 145 295
95 146 283
95 146 295
95 147 283
95 149 290
95 149 291
95 149 292
95 146 282
95 146 296
95 147 296
95 148 296
95 150 290
95 150 291
95 150 292
95 145 282
95 146 281
95 146 297
95 147 297
95 148 297
95 145 281
95 146 280
95 147 298
95 148 298
95 145 280
95 147 299
95 148 299
95 145 279
95 148 300
95 145 278
95 148 301
95 144 278
95 148 302
95 144 277
95 147 302
95 147 303
95 148 303
95 144 276
95 147 304
95 148 304
95 149 304
95 147 305
95 149 305
95 150 305
95 147 306
95 149 306
95 150 306
95 149 307
95 150 307
95 149 308
96 141 312
97 143 434
97 142 434
97 141 434
98 141 452
99 141 463
100 146 241
100 146 240
100 146 242
100 147 241
100 147 242
100 146 239
100 146 243
100 147 243
100 147 244
101 144 239
101 143 239
101 143 240
101 144 238
101 144 240
101 142 239
101 142 240
101 143 238
101 143 241
101 144 241
101 144 242
102 143 252
102 143 251
102 143 253
102 143 250
102 143 254
102 144 253
102 144 254
102 142 250
102 143 255
102 144 255
102 142 249
102 144 256
102 145 256
102 145 257
103 142 278
104 142 441
104 142 440
104 142 442
104 142 439
105 142 437
105 142 436
105 143 436
105 143 437
106 145 447
106 145 446
106 145 448
107 143 446
107 142 446
108 142 247
109 143 258
109 143 259
109 143 260
109 144 259
109 144 260
109 143 261
109 144 261
109 145 259
109 145 260
109 145 261
109 143 262
109 144 262
109 145 262
109 146 261
109 146 262
109 143 263
109 144 263
109 145 263
109 146 263
109 147 261
109 147 262
109 147 263
109 143 264
109 144 264
109 145 264
109 146 264
109 147 264
109 148 261
109 148 262
109 148 263
109 148 264
109 143 265
109 144 265
109 145 265
109 146 265
109 147 265
109 148 260
109 149 261
109 149 262
109 149 263
109 149 264
109 143 266
109 145 266
109 146 266
109 147 266
109 150 264
109 150 265
109 150 266
109 143 267
109 146 267
109 147 267
109 150 267
109 151 265
109 151 266
109 151 267
109 146 268
109 147 268
109 150 268
109 151 268
109 152 265
109 152 266
109 152 267
109 146 269
109 147 269
109 148 269
109 150 269
109 151 269
109 152 264
109 153 264
109 153 265
109 153 266
109 153 267
109 153 268
109 147 270
109 148 270
109 151 270
109 152 263
109 153 263
109 154 263
109 154 264
109 147 271
109 148 271
109 149 271
109 150 271
109 151 271
109 152 262
109 153 262
109 154 262
109 155 264
109 155 265
109 155 266
109 147 272
109 148 272
109 149 272
109 150 272
109 151 272
109 152 261
109 153 261
109 154 261
109 149 273
109 150 273
109 152 260
109 153 260
109 150 274
109 151 260
109 152 259
109 150 275
109 151 259
109 151 258
109 150 258
109 151 257
109 150 257
109 151 256
109 150 256
109 151 255
109 150 255
109 151 254
109 152 254
109 153 254
109 153 255
109 154 255
109 154 256
109 155 256
109 150 254
109 151 253
109 152 253
109 153 253
109 156 256
109 156 257
109 150 253
109 152 252
109 153 252
109 157 256
109 157 257
109 152 251
109 153 251
109 157 255
109 158 256
109 158 257
109 158 258
109 152 250
109 157 254
109 152 249
109 157 253
109 152 248
109 157 252
109 158 252
109 152 247
109 157 251
109 158 251
109 159 251
109 159 252
109 156 251
109 158 250
109 159 250
109 160 250
109 160 251
109 160 252
109 160 253
109 156 250
109 161 251
109 161 252
109 161 253
109 161 254
109 161 255
109 162 253
109 162 254
109 162 255
109 162 256
109 162 257
109 162 258
109 162 259
109 162 260
109 161 259
109 161 260
109 163 256
109 163 257
109 163 258
109 163 259
109 163 260
109 163 261
109 163 262
109 160 260
109 160 261
109 160 262
110 143 360
110 143 359
110 143 361
110 143 358
111 142 444
111 143 444
111 144 444
111 144 443
111 145 443
112 143 453
112 144 453
113 145 251
113 145 250
113 145 249
114 146 276
114 146 275
114 147 276
114 146 274
114 147 277
114 147 278
115 144 272
115 144 271
115 144 273
115 145 271
115 145 272
115 144 270
115 144 274
115 144 269
116 144 284
117 145 321
117 145 320
117 145 322
117 145 319
118 144 329
118 144 328
118 144 330
118 144 327
118 144 331
119 144 325
119 144 324
119 145 324
120 144 439
120 144 440
120 145 439
120 145 440
120 144 441
120 145 438
120 145 441
120 146 438
120 146 439
120 146 440
120 145 437
120 145 436
120 145 435
120 145 434
121 146 454
121 146 453
121 146 452
121 146 451
122 149 465
122 148 465
122 148 466
122 149 466
123 146 464
123 146 465
124 148 468
124 147 468
124 149 468
124 147 469
124 150 468
124 150 469
124 150 470
124 151 469
124 151 470
124 152 469
124 152 468
124 152 467
124 153 467
124 153 466
125 145 469
125 145 468
125 145 470
125 145 467
125 145 471
125 146 471
126 146 199
126 146 198
126 146 200
126 147 199
126 147 200
126 146 201
126 147 201
126 147 202
126 148 201
126 148 202
127 146 237
127 146 236
127 147 237
128 147 246
128 146 246
128 147 247
128 148 246
129 146 254
129 146 253
129 147 253
129 147 254
129 147 252
129 147 255
129 148 252
129 148 253
129 148 254
129 147 251
129 147 256
129 148 251
129 147 250
129 149 251
129 147 249
129 150 251
129 150 250
130 148 430
130 148 429
130 148 431
130 148 432
130 148 433
130 148 434
130 149 433
130 148 435
130 148 436
131 146 485
131 145 485
131 145 486
131 146 484
131 146 486
131 145 487
131 147 484
131 144 487
131 147 483
131 144 488
131 147 482
131 148 482
131 149 482
131 149 483
131 149 481
131 150 481
131 150 482
131 150 483
131 149 480
131 150 480
131 151 480
131 151 481
131 150 479
131 151 479
131 150 478
131 151 478
131 150 477
132 147 234
132 146 234
132 147 233
132 148 234
132 146 233
132 148 235
132 146 232
132 149 235
132 149 236
132 149 237
132 150 236
132 150 237
132 149 238
132 150 238
132 149 239
132 150 239
132 151 238
132 151 239
132 148 239
132 151 240
133 147 258
134 147 293
135 149 420
135 149 419
136 147 418
136 147 417
136 148 417
137 149 427
137 149 426
137 150 426
137 150 427
137 150 428
138 147 427
138 147 426
139 148 438
139 148 439
139 148 440
140 147 442
140 147 443
140 148 442
140 147 444
140 147 445
140 147 446
140 148 446
140 147 447
140 147 448
141 150 285
141 149 285
141 149 286
141 150 284
141 150 286
141 151 284
141 151 285
141 151 286
141 149 284
141 150 283
141 151 283
141 151 287
141 152 286
141 152 287
141 149 283
141 152 288
141 152 289
141 152 290
141 153 289
141 153 290
141 152 291
141 153 291
141 152 292
141 153 292
141 153 293
141 153 294
142 148 281
142 148 280
142 149 280
142 149 281
142 150 281
142 151 281
142 152 281
143 149 362
143 148 362
143 148 363
143 149 361
143 149 363
143 150 361
143 150 362
143 150 363
143 148 361
143 148 364
143 149 360
143 149 364
143 150 364
143 148 360
143 149 365
143 150 365
143 149 366
144 148 415
144 148 414
144 149 415
144 150 415
144 151 415
144 151 416
144 152 415
144 152 414
144 153 414
145 151 449
145 151 448
145 151 450
145 150 450
145 151 447
145 151 451
145 152 447
145 152 448
145 149 450
145 151 446
145 148 450
145 150 446
145 150 445
146 152 245
146 151 245
146 152 244
146 151 244
146 151 243
147 149 241
147 149 242
147 149 243
147 149 244
148 149 278
148 149 277
148 150 277
148 150 278
148 151 277
148 151 278
148 151 279
148 152 277
148 152 278
148 152 279
148 152 276
148 153 276
148 153 277
148 153 278
148 153 279
148 152 275
148 154 276
148 154 277
148 154 278
148 154 279
148 152 274
148 153 274
148 154 274
148 154 275
148 154 280
148 155 277
148 155 278
148 155 279
148 155 280
148 153 273
148 154 273
148 154 281
148 156 277
148 156 278
148 156 279
148 156 280
148 153 272
148 154 272
148 154 282
148 155 282
148 156 276
148 153 271
148 154 271
148 154 283
148 155 283
148 156 275
148 153 270
148 154 270
148 154 284
148 155 284
148 156 274
148 157 274
148 157 275
148 154 285
148 155 285
148 158 274
148 158 275
148 158 276
148 154 286
148 155 286
148 159 274
148 159 275
148 159 276
148 159 277
148 159 278
148 159 279
148 159 280
148 154 287
148 155 287
148 159 273
148 160 273
148 160 276
148 160 277
148 160 278
148 160 279
148 160 280
148 160 281
148 155 288
148 159 272
148 160 272
148 161 272
148 161 273
148 161 281
148 161 282
148 155 289
148 158 272
148 159 271
148 160 271
148 161 271
148 162 271
148 162 272
148 162 273
148 162 274
148 155 290
148 158 271
148 159 270
148 160 270
148 161 270
148 162 270
148 163 270
148 163 271
148 163 272
148 163 273
148 163 274
148 163 275
148 163 276
148 163 277
148 155 291
148 158 270
148 159 269
148 160 269
148 161 269
148 162 269
148 163 269
148 155 292
148 158 269
148 159 268
148 162 268
148 163 268
148 155 293
148 156 293
148 157 293
148 158 268
148 162 267
148 155 294
148 157 268
148 157 292
148 157 294
148 158 267
148 158 292
148 157 267
148 157 291
148 157 295
148 158 266
148 158 291
148 159 291
148 160 291
148 160 292
148 160 293
148 160 294
148 161 292
148 161 293
148 161 294
148 161 295
148 162 295
148 163 295
148 156 295
148 156 296
148 157 266
148 157 296
148 158 290
148 159 290
148 160 290
148 161 296
148 162 296
148 163 296
148 156 297
148 157 265
148 157 297
148 158 289
148 162 297
148 163 297
148 156 298
148 157 298
148 162 298
148 163 298
148 156 299
148 157 299
148 158 299
148 163 299
148 157 300
148 158 300
148 163 300
148 157 301
148 158 301
148 159 301
148 163 301
148 158 302
148 163 302
148 163 303
149 151 294
149 150 294
149 150 295
149 151 295
149 149 294
149 150 296
149 151 296
149 150 297
149 150 298
149 150 299
149 151 299
149 150 300
149 151 300
149 150 301
149 151 301
149 150 302
149 151 302
149 151 303
150 151 311
150 150 311
150 151 310
150 151 312
150 150 310
151 149 351
151 148 351
151 149 350
151 149 352
151 148 350
151 149 349
151 149 353
151 148 349
151 149 348
151 149 354
151 148 348
151 149 347
151 150 347
151 150 348
151 150 354
151 148 347
151 150 355
151 151 354
151 151 355
151 147 347
151 150 356
151 151 353
151 151 356
151 152 353
151 152 354
151 152 355
151 152 356
151 150 357
151 151 357
151 152 352
151 152 357
151 153 352
151 153 353
151 153 354
151 153 355
151 153 356
151 153 357
151 150 358
151 151 358
151 152 351
151 152 358
151 153 351
151 153 358
151 149 358
151 151 359
151 152 350
151 152 359
151 153 350
151 153 359
151 152 349
151 152 360
151 153 349
151 153 360
151 152 348
151 152 361
151 153 348
152 149 448
153 152 431
153 152 430
153 152 432
154 150 431
154 150 430
155 152 434
155 151 434
156 153 442
156 152 442
156 152 443
156 153 441
156 153 443
156 154 441
156 154 442
156 151 443
156 152 441
156 152 444
156 153 444
156 152 440
156 152 439
157 150 441
157 150 440
157 150 439
157 150 438
158 150 472
158 150 473
158 151 472
159 152 146
159 151 146
159 151 147
159 152 145
159 152 147
159 153 146
159 153 147
159 150 146
159 151 145
159 151 148
159 152 148
159 153 148
159 154 147
159 154 148
159 150 145
160 151 187
160 150 187
160 150 188
160 151 186
160 151 188
160 152 187
160 152 188
160 150 186
160 151 189
160 152 189
160 150 185
160 152 190
160 153 189
160 153 190
160 150 184
160 152 191
160 153 191
160 153 192
160 154 191
160 154 192
161 151 314
161 150 314
161 152 314
162 152 421
162 152 420
162 152 422
162 153 420
162 153 421
162 153 422
162 152 419
162 152 423
162 153 419
162 153 418
162 153 417
163 152 437
163 152 436
163 153 436
163 153 437
163 154 437
163 154 438
163 155 437
163 155 438
163 154 439
163 155 436
163 156 436
163 156 435
163 156 434
163 157 434
163 157 433
164 151 453
164 151 454
165 151 456
165 152 456
166 153 165
166 152 165
166 152 166
166 153 164
166 153 166
166 152 164
166 152 167
166 153 167
166 154 166
166 154 167
166 152 163
166 152 168
166 153 168
166 154 168
166 151 163
166 152 162
166 153 169
166 154 169
166 155 168
166 155 169
166 151 162
166 153 170
166 154 170
166 155 170
166 151 161
166 153 171
166 154 171
166 155 171
166 150 161
166 154 172
166 150 160
167 152 306
167 152 305
167 152 307
167 152 308
168 152 425
168 152 426
168 153 425
168 153 426
168 152 427
168 153 427
168 154 425
168 152 428
168 153 428
168 154 424
168 155 425
168 155 426
168 155 427
169 154 155
169 154 154
169 154 156
169 155 154
169 155 155
169 155 156
169 153 154
169 156 155
169 156 156
170 154 296
170 153 296
170 154 297
171 154 299
171 153 299
171 153 300
171 154 300
171 154 301
171 154 302
171 154 303
171 154 304
171 154 305
171 154 306
171 154 307
171 155 306
171 155 307
171 154 308
171 155 308
171 154 309
171 155 309
171 154 310
171 155 310
171 153 310
171 154 311
172 155 457
172 155 456
172 155 458
172 156 456
172 156 457
172 156 455
173 158 455
173 158 454
173 158 456
173 158 453
173 157 453
173 159 453
173 156 453
173 159 452
173 160 452
173 160 451
173 161 451
173 161 452
173 160 450
173 161 450
173 162 450
173 162 451
173 162 452
173 162 453
173 162 454
173 160 449
173 161 449
173 160 448
173 161 448
173 160 447
173 160 446
173 160 445
173 160 444
173 160 443
173 161 443
173 161 442
173 161 441
173 162 441
173 162 440
173 163 440
173 163 441
174 154 454
175 160 463
175 159 463
175 159 464
175 160 462
175 160 464
175 159 465
175 161 462
175 161 461
176 158 467
176 158 468
176 159 467
177 156 468
177 156 467
177 156 469
177 156 466
177 156 470
177 155 470
177 155 471
177 156 465
177 156 471
177 157 470
177 157 471
177 156 464
177 158 470
177 155 464
177 159 470
177 154 464
178 154 249
179 154 247
180 154 258
181 154 430
181 154 431
181 155 430
181 154 432
181 155 429
181 156 429
181 156 430
181 157 429
181 157 430
181 157 431
181 158 429
181 158 430
181 158 431
181 158 428
181 159 428
181 159 429
182 154 434
183 156 448
183 156 447
183 156 449
183 157 447
183 157 448
183 156 450
183 155 450
183 156 451
184 154 446
184 154 447
185 154 452
186 155 473
186 154 473
186 154 474
186 155 474
186 156 473
186 156 474
186 155 475
187 155 253
188 155 268
189 157 313
189 156 313
189 156 314
189 157 312
189 157 314
189 157 311
189 158 311
189 158 312
190 156 316
190 157 316
191 156 345
191 156 344
191 156 346
191 156 343
191 156 347
191 157 346
191 157 347
192 155 415
192 155 414
192 155 416
192 155 417
193 158 419
193 158 418
193 158 420
194 157 426
194 157 425
194 158 425
194 158 424
194 158 423
195 156 423
195 156 422
196 155 444
197 156 244
197 155 244
197 155 245
197 156 243
197 156 245
197 157 243
197 157 244
197 157 245
197 154 245
197 155 243
197 156 242
197 156 246
197 157 242
197 157 246
197 158 242
197 158 243
197 158 244
197 158 245
197 158 246
197 156 247
197 157 247
197 158 241
197 158 247
197 159 245
197 159 246
197 159 247
197 156 248
197 157 248
197 158 240
197 158 248
197 159 248
197 160 247
197 160 248
197 158 239
198 156 270
198 156 271
199 156 304
199 156 303
199 157 304
199 157 305
199 157 306
199 157 307
199 157 308
199 157 309
199 158 308
199 158 309
200 156 318
200 157 318
200 158 318
201 160 413
201 160 412
201 160 414
201 161 412
201 161 413
202 161 410
202 160 410
203 161 416
203 160 416
203 161 417
203 162 416
203 159 416
203 162 415
204 157 416
204 157 415
204 157 414
205 158 412
205 158 411
206 156 420
206 156 419
207 158 436
207 158 437
208 157 439
208 158 439
209 156 441
210 159 408
210 159 407
210 160 408
210 158 407
210 161 408
210 162 408
210 163 408
210 163 409
211 158 405
211 158 404
211 159 405
212 157 409
213 158 445
214 159 487
214 158 487
214 158 488
214 159 486
214 159 488
214 160 486
214 160 487
214 160 488
214 159 485
214 160 485
214 160 489
214 161 485
214 161 486
214 161 487
214 161 488
214 161 489
214 159 484
214 160 484
214 161 490
214 162 485
214 162 486
214 162 487
214 162 488
214 162 489
214 162 490
214 159 483
214 160 483
214 162 491
214 163 486
214 163 487
214 163 488
214 163 489
214 163 490
214 160 482
214 162 492
214 160 481
214 160 480
214 160 479
214 160 478
214 160 477
214 160 476
214 160 475
214 160 474
214 160 473
214 160 472
214 159 472
215 158 138
215 158 137
215 158 139
215 159 137
215 159 138
215 159 139
215 157 139
215 160 137
215 160 138
215 160 139
215 160 140
215 161 139
215 161 140
215 162 139
215 162 140
215 162 138
215 163 138
215 163 139
215 163 140
215 162 137
215 163 137
215 163 141
215 162 136
215 163 136
215 163 142
215 161 136
215 162 135
215 163 135
215 161 135
215 162 134
215 163 134
215 161 134
215 162 133
215 163 133
215 161 133
215 163 132
216 160 153
216 159 153
216 159 154
216 160 152
216 160 154
216 161 152
216 161 153
216 161 154
216 159 152
216 160 151
216 160 155
216 161 155
216 162 152
216 162 153
216 162 154
216 162 155
216 159 151
216 160 156
216 161 156
216 162 156
216 163 152
216 163 153
216 163 154
216 163 155
216 163 156
216 158 151
216 159 150
216 161 157
216 162 157
216 163 157
216 162 158
216 163 158
216 162 159
216 163 159
216 163 160
217 159 237
217 158 237
217 159 236
217 160 237
217 160 238
217 160 239
217 160 240
217 161 239
217 161 240
217 161 241
217 161 242
218 158 260
218 157 260
218 156 260
218 156 259
218 156 261
218 156 262
219 158 402
219 157 402
219 158 401
219 159 402
219 156 402
219 157 401
219 158 400
219 156 403
219 157 400
219 156 404
220 159 441
221 158 443
222 158 450
223 158 458
224 161 303
224 161 302
224 161 304
225 161 300
226 162 306
226 161 306
226 162 307
226 163 306
226 163 307
226 163 308
227 159 305
227 159 304
227 159 306
228 159 314
228 159 315
229 159 434
229 159 433
230 159 460
231 160 298
232 160 308
232 160 309
232 160 310
232 161 309
233 160 312
234 160 317
234 160 318
234 161 317
234 161 316
234 161 315
235 161 358
235 161 357
235 161 359
235 162 357
235 162 358
235 162 359
235 161 356
235 161 360
236 163 422
236 162 422
236 162 423
236 163 421
236 163 423
236 162 421
236 163 420
236 162 420
236 162 419
237 160 419
237 160 420
237 160 421
237 160 422
237 160 423
237 160 424
237 160 425
237 160 426
237 161 425
237 161 426
237 161 427
237 162 425
237 162 426
237 161 428
237 163 425
237 161 429
237 161 430
237 161 431
238 160 436
239 160 439
239 160 438
239 161 438
240 160 455
240 160 456
240 161 456
241 163 457
241 163 456
241 163 458
242 161 245
242 161 244
243 162 264
243 162 265
243 163 264
243 163 265
244 163 351
244 163 350
244 163 352
244 163 349
245 161 362
245 162 362
246 163 406
246 162 406
246 163 405
247 161 433
248 161 459
248 161 458
249 161 466
249 161 467
250 163 472
250 162 472
250 162 473
250 163 471
250 163 473
250 162 471
250 162 474
250 163 470
251 162 247
251 162 248
251 163 248
251 163 249
252 163 310
253 162 354
253 161 354
253 163 354
254 163 438
255 163 436
256 162 445
256 162 446
257 162 464
258 162 476
258 162 477
258 163 476
258 163 477
258 162 478
258 163 478
258 162 479
258 163 479
258 162 480
258 163 480
258 162 481
258 163 481
258 162 482
258 163 482
258 162 483
258 163 483
259 162 494
259 161 494
259 161 495
259 162 495
259 163 494
259 163 495
259 161 496
259 162 496
259 163 496
259 162 497
259 163 497
259 163 498
259 163 499
259 163 500
259 163 501
260 163 232
260 162 232
260 163 231
260 163 233
260 162 231
260 162 230
260 161 230
260 161 229
260 160 229
260 161 228
260 160 228
260 160 227
260 160 226
261 163 251
262 163 290
262 162 290
262 163 289
262 163 291
262 162 289
262 163 288
262 163 292
262 162 288
262 163 293
263 163 312
263 163 313
263 163 314
263 163 315
264 163 347
264 163 346
265 163 413
265 163 412
266 163 428
266 163 429
266 163 430
266 163 431
266 163 432
266 163 433
267 163 443
268 163 448
269 163 460
270 163 462
271 163 468
271 163 467
